image_width: 640
image_height: 480
camera_name: left_camera
camera_matrix:
  rows: 3
  cols: 3
  data: [564.700260632966, 0, 344.3413092488406, 0, 561.0387355489532, 209.0152171068767, 0, 0, 1]
distortion_model: plumb_bob
distortion_coefficients:
  rows: 1
  cols: 5
  data: [-0.4715118093803957, 0.195585464662911, 0.003190823552162323, -0.008030325129731213, 0]
rectification_matrix:
  rows: 3
  cols: 3
  data: [0.9923862012751621, 0.008465646263058509, 0.1228737577841678, -0.009066715818924147, 0.9999495067482813, 0.00433343029573533, -0.122830868200597, -0.005414497873107857, 0.9924128480777894]
projection_matrix:
  rows: 3
  cols: 4
  data: [550.7675999315095, 0, 253.9810371398926, 0, 0, 550.7675999315095, 218.0450172424316, 0, 0, 0, 1, 0]
