image_width: 640
image_height: 480
camera_name: right_camera
camera_matrix:
  rows: 3
  cols: 3
  data: [574.914678939057, 0, 333.2020456429769, 0, 570.922936149179, 225.0255735779689, 0, 0, 1]
distortion_model: plumb_bob
distortion_coefficients:
  rows: 1
  cols: 5
  data: [-0.4880871559062528, 0.2431262451385055, 0.005792485527249658, -0.005940420923400257, 0]
rectification_matrix:
  rows: 3
  cols: 3
  data: [0.9937879760387593, 0.005497738378658069, 0.1111540982308172, -0.004954032438199566, 0.9999743792098409, -0.005167057818015648, -0.1111796575070619, 0.004584298922766726, 0.9937897503798271]
projection_matrix:
  rows: 3
  cols: 4
  data: [550.7675999315095, 0, 253.9810371398926, 53.05744567624258, 0, 550.7675999315095, 218.0450172424316, 0, 0, 0, 1, 0]
